0,100
1,98
2,107
3,100
4,106
5,112
6,16
7,96
8,112
9,93
10,113
11,107
12,97
13,103
14,109
15,96
16,113
17,92
18,133
19,111
20,128
21,118
22,2109
23,120
24,138
25,105
26,126
27,119
28,124
29,129
30,2118
31,115
32,100
33,123
34,130
35,97
36,121
37,132
38,116
39,148
40,120
41,107
42,135
43,117
44,121
45,121
46,119
47,118
48,122
49,120
50,126
51,142
52,103
53,145
54,142
55,159
56,121
57,145
58,129
59,141
60,143
61,144
62,124
63,134
64,148
65,141
66,157
67,158
68,130
69,150
70,148
71,144
72,135
73,138
74,150
75,132
76,141
77,157
78,148
79,141
80,138
81,171
82,129
83,158
84,140
85,151
86,2118
87,183
88,117
89,152
90,133
91,157
92,134
93,142
94,2121
95,150
96,139
97,155
98,163
99,168
100,185
101,168
102,155
103,155
104,179
105,171
106,171
107,157
108,156
109,169
110,155
111,156
112,148
113,151
114,183
115,167
116,172
117,166
118,163
119,196
120,391
121,866
122,2069
123,4731
124,8518
125,13465
126,2836
127,22758
128,25749
129,27114
130,27927
131,27424
132,26719
133,26408
134,25896
135,25337
136,24791
137,24629
138,24177
139,23735
140,23619
141,22820
142,22500
143,22491
144,22217
145,22008
146,21843
147,21354
148,21252
149,21027
150,20887
151,20577
152,20632
153,20749
154,20391
155,20270
156,20071
157,20237
158,19639
159,19153
160,18808
161,18212
162,18172
163,17239
164,17243
165,16598
166,16736
167,16589
168,16509
169,16363
170,16404
171,16698
172,16964
173,16763
174,17154
175,17091
176,17234
177,17339
178,16941
179,17224
180,16909
181,16515
182,16410
183,15698
184,15546
185,14706
186,14454
187,13816
188,13597
189,13048
190,12461
191,12369
192,11891
193,11640
194,11363
195,11135
196,10955
197,10980
198,10843
199,10561
200,10516
201,10623
202,10533
203,10336
204,10245
205,10303
206,10235
207,10164
208,10090
209,9968
210,10243
211,10113
212,10123
213,9826
214,9851
215,9904
216,9655
217,9703
218,9664
219,9697
220,9568
221,9189
222,9472
223,9200
224,9205
225,9197
226,9085
227,8960
228,8871
229,8738
230,8892
231,8836
232,8534
233,8367
234,8364
235,8358
236,8192
237,8259
238,8129
239,7992
240,7970
241,8086
242,7947
243,7774
244,7695
245,7759
246,7773
247,7586
248,7612
249,7646
250,7718
251,7595
252,7689
253,7845
254,3598
255,7758
256,8043
257,7745
258,8012
259,8238
260,8062
261,8126
262,8160
263,8078
264,8117
265,7837
266,7968
267,7724
268,7966
269,7652
270,7563
271,7396
272,7657
273,7440
274,7243
275,7267
276,7161
277,7013
278,6799
279,6850
280,6527
281,6521
282,6221
283,6174
284,5905
285,5789
286,5696
287,5615
288,5533
289,5318
290,5502
291,5316
292,5317
293,5267
294,5327
295,5347
296,5349
297,5285
298,5418
299,5431
300,5297
301,5286
302,5406
303,5377
304,5489
305,5393
306,5472
307,5549
308,5466
309,5516
310,5518
311,5473
312,5658
313,5591
314,5589
315,5607
316,5496
317,5491
318,5393
319,5310
320,5286
321,5130
322,5175
323,5119
324,5003
325,4988
326,4852
327,4856
328,4776
329,4648
330,4557
331,4458
332,4414
333,4323
334,4279
335,4139
336,3987
337,4083
338,3932
339,3775
340,3754
341,3648
342,3370
343,3502
344,3318
345,3285
346,3148
347,3189
348,3059
349,2989
350,2922
351,2928
352,2713
353,2746
354,2678
355,2659
356,2647
357,2510
358,2492
359,2476
360,2490
361,2357
362,2395
363,2418
364,2481
365,2444
366,2368
367,2487
368,2542
369,2538
370,2567
371,2522
372,2641
373,2738
374,2929
375,3053
376,3219
377,3511
378,3769
379,4157
380,4486
381,4861
382,5346
383,5660
384,6227
385,6488
386,7128
387,7441
388,7785
389,7917
390,8184
391,8423
392,8278
393,8158
394,8046
395,7741
396,7452
397,7103
398,6703
399,6301
400,5755
401,5202
402,4859
403,4379
404,3937
405,3417
406,2999
407,2748
408,2457
409,2227
410,1941
411,1817
412,1700
413,1652
414,1595
415,1487
416,1483
417,1428
418,1444
419,1431
420,1419
421,1388
422,1363
423,1274
424,1321
425,1263
426,1255
427,1235
428,1245
429,1160
430,1179
431,1120
432,1122
433,1074
434,1110
435,1124
436,1035
437,1069
438,1069
439,951
440,1000
441,958
442,1006
443,988
444,1024
445,1055
446,1050
447,1014
448,1099
449,1050
450,1039
451,1137
452,1106
453,1164
454,1187
455,1156
456,1121
457,1074
458,1226
459,1150
460,1131
461,1115
462,1083
463,1126
464,1025
465,1075
466,1062
467,1046
468,951
469,924
470,972
471,935
472,875
473,936
474,873
475,839
476,831
477,834
478,851
479,790
480,839
481,742
482,774
483,775
484,756
485,770
486,752
487,719
488,725
489,729
490,683
491,707
492,703
493,696
494,686
495,682
496,650
497,743
498,667
499,684
500,633
501,679
502,683
503,622
504,633
505,656
506,696
507,655
508,692
509,649
510,161
511,632
512,630
513,635
514,662
515,707
516,712
517,655
518,684
519,726
520,774
521,789
522,713
523,808
524,858
525,845
526,837
527,840
528,867
529,900
530,897
531,937
532,944
533,909
534,926
535,992
536,942
537,941
538,976
539,908
540,934
541,902
542,916
543,912
544,864
545,902
546,860
547,794
548,814
549,774
550,868
551,808
552,809
553,777
554,823
555,750
556,757
557,693
558,724
559,740
560,753
561,769
562,749
563,722
564,717
565,656
566,696
567,686
568,659
569,641
570,621
571,621
572,642
573,593
574,539
575,576
576,562
577,558
578,540
579,507
580,443
581,504
582,486
583,456
584,453
585,429
586,429
587,382
588,413
589,383
590,395
591,377
592,354
593,341
594,322
595,294
596,290
597,295
598,303
599,278
600,289
601,333
602,293
603,282
604,276
605,290
606,304
607,331
608,321
609,342
610,368
611,393
612,420
613,405
614,529
615,486
616,579
617,636
618,657
619,757
620,753
621,857
622,884
623,862
624,938
625,1003
626,1008
627,1012
628,1029
629,943
630,913
631,964
632,1007
633,853
634,862
635,828
636,770
637,780
638,717
639,713
640,623
641,615
642,549
643,500
644,450
645,445
646,388
647,352
648,312
649,271
650,222
651,252
652,192
653,177
654,138
655,143
656,121
657,97
658,94
659,57
660,59
661,64
662,71
663,66
664,71
665,73
666,59
667,64
668,57
669,72
670,62
671,57
672,72
673,47
674,53
675,58
676,44
677,59
678,45
679,53
680,36
681,58
682,51
683,48
684,52
685,67
686,48
687,60
688,58
689,61
690,56
691,52
692,58
693,45
694,60
695,53
696,65
697,49
698,61
699,60
700,51
701,63
702,55
703,57
704,63
705,47
706,50
707,51
708,55
709,60
710,50
711,48
712,60
713,50
714,58
715,59
716,59
717,44
718,58
719,50
720,60
721,68
722,53
723,50
724,56
725,63
726,44
727,61
728,52
729,41
730,50
731,49
732,51
733,51
734,51
735,59
736,49
737,57
738,47
739,40
740,58
741,49
742,58
743,62
744,53
745,52
746,42
747,62
748,57
749,45
750,53
751,54
752,49
753,56
754,53
755,43
756,59
757,52
758,55
759,56
760,61
761,67
762,50
763,63
764,56
765,57
766,71
767,47
768,44
769,55
770,53
771,49
772,50
773,61
774,53
775,61
776,49
777,55
778,55
779,54
780,49
781,64
782,52
783,55
784,74
785,49
786,73
787,64
788,49
789,72
790,54
791,55
792,52
793,57
794,65
795,58
796,79
797,56
798,74
799,57
800,56
801,61
802,66
803,64
804,50
805,57
806,58
807,71
808,48
809,58
810,64
811,68
812,53
813,43
814,56
815,66
816,76
817,57
818,59
819,72
820,57
821,63
822,60
823,59
824,59
825,67
826,86
827,61
828,74
829,64
830,70
831,78
832,59
833,64
834,39
835,69
836,68
837,62
838,65
839,80
840,65
841,79
842,79
843,46
844,64
845,62
846,73
847,65
848,63
849,64
850,62
851,74
852,71
853,54
854,73
855,85
856,68
857,73
858,74
859,63
860,88
861,64
862,72
863,67
864,71
865,69
866,88
867,66
868,57
869,78
870,66
871,66
872,76
873,78
874,73
875,65
876,71
877,64
878,62
879,83
880,69
881,76
882,62
883,78
884,62
885,67
886,83
887,75
888,80
889,51
890,66
891,71
892,62
893,62
894,73
895,78
896,80
897,62
898,69
899,78
900,67
901,63
902,87
903,74
904,87
905,80
906,66
907,72
908,61
909,81
910,89
911,67
912,77
913,68
914,82
915,75
916,66
917,77
918,72
919,79
920,77
921,81
922,66
923,76
924,83
925,96
926,80
927,79
928,63
929,84
930,68
931,78
932,85
933,89
934,81
935,94
936,82
937,85
938,82
939,96
940,81
941,96
942,100
943,78
944,81
945,81
946,83
947,83
948,78
949,65
950,77
951,100
952,92
953,86
954,86
955,81
956,75
957,85
958,91
959,112
960,90
961,88
962,91
963,87
964,84
965,97
966,97
967,94
968,113
969,114
970,73
971,91
972,89
973,81
974,81
975,88
976,98
977,87
978,69
979,110
980,88
981,70
982,84
983,82
984,89
985,88
986,85
987,85
988,78
989,107
990,98
991,96
992,85
993,85
994,95
995,97
996,97
997,93
998,99
999,90
1000,94
1001,96
1002,92
1003,86
1004,96
1005,105
1006,98
1007,86
1008,100
1009,81
1010,100
1011,80
1012,91
1013,83
1014,106
1015,83
1016,106
1017,87
1018,88
1019,78
1020,78
1021,89
1022,94
1023,0
